### Taken from DRAKE! Probably best to get our own implementation or sth
# Tabulated SM Higgs width as a function of its mass (both in GeV)
# This table was generated out of tables from darksusy 6.2.4. which were based on HDecay 6.53
# mh	width
1.	3.357e-7
2.	5.604e-7
3.	2.352e-6
4.	0.00001043
5.	0.00001726
6.	0.00002315
7.	0.00002863
8.	0.00003406
9.	0.00003976
10.	0.00006946
11.	0.0001583
12.	0.0002387
13.	0.0003074
14.	0.0003665
15.	0.000418
16.	0.0004637
17.	0.0005051
18.	0.000543
19.	0.0005782
20.	0.0006113
21.	0.0006428
22.	0.0006728
23.	0.0007018
24.	0.0007299
25.	0.0007572
26.	0.0007839
27.	0.00081
28.	0.0008357
29.	0.000861
30.	0.0008859
31.	0.0009106
32.	0.000935
33.	0.0009591
34.	0.0009831
35.	0.001007
36.	0.00103
37.	0.001054
38.	0.001077
39.	0.0011
40.	0.001124
41.	0.001147
42.	0.001169
43.	0.001192
44.	0.001215
45.	0.001238
46.	0.00126
47.	0.001283
48.	0.001305
49.	0.001328
50.	0.00135
51.	0.001372
52.	0.001395
53.	0.001417
54.	0.001439
55.	0.001461
56.	0.001484
57.	0.001506
58.	0.001528
59.	0.00155
60.	0.001572
61.	0.001595
62.	0.001617
63.	0.001639
64.	0.001661
65.	0.001683
66.	0.001706
67.	0.001728
68.	0.00175
69.	0.001773
70.	0.001795
71.	0.001817
72.	0.00184
73.	0.001862
74.	0.001885
75.	0.001907
76.	0.00193
77.	0.001952
78.	0.001975
79.	0.001997
80.	0.00202
81.	0.002043
82.	0.002066
83.	0.002089
84.	0.002112
85.	0.002135
86.	0.002158
87.	0.002182
88.	0.002205
89.	0.002229
90.	0.002253
91.	0.002277
92.	0.002301
93.	0.002326
94.	0.00235
95.	0.002376
96.	0.002402
97.	0.002428
98.	0.002455
99.	0.002483
100.	0.002512
101.	0.002541
102.	0.002572
103.	0.002603
104.	0.002637
105.	0.002671
106.	0.002707
107.	0.002746
108.	0.002786
109.	0.002828
110.	0.002873
111.	0.002921
112.	0.002972
113.	0.003026
114.	0.003084
115.	0.003147
116.	0.003213
117.	0.003285
118.	0.003361
119.	0.003444
120.	0.003533
121.	0.003629
122.	0.003732
123.	0.003844
124.	0.003965
125.	0.004096
126.	0.004238
127.	0.004391
128.	0.004558
129.	0.004738
130.	0.004935
131.	0.005148
132.	0.00538
133.	0.005633
134.	0.005908
135.	0.006209
136.	0.006537
137.	0.006897
138.	0.007291
139.	0.007724
140.	0.0082
141.	0.008726
142.	0.009307
143.	0.009951
144.	0.01067
145.	0.01147
146.	0.01237
147.	0.01338
148.	0.01453
149.	0.01584
150.	0.01735
151.	0.01911
152.	0.02118
153.	0.02365
154.	0.02665
155.	0.0304
156.	0.03519
157.	0.04158
158.	0.05051
159.	0.06368
160.	0.08379
161.	0.1129
162.	0.1475
163.	0.1822
164.	0.215
165.	0.2455
166.	0.2742
167.	0.3015
168.	0.3276
169.	0.353
170.	0.3777
171.	0.402
172.	0.426
173.	0.4499
174.	0.4738
175.	0.4979
176.	0.5224
177.	0.5476
178.	0.5737
179.	0.6012
180.	0.6309
181.	0.6638
182.	0.7011
183.	0.743
184.	0.787
185.	0.8311
186.	0.8742
187.	0.9163
188.	0.9574
189.	0.9978
190.	1.038
191.	1.077
192.	1.116
193.	1.155
194.	1.194
195.	1.232
196.	1.271
197.	1.31
198.	1.349
199.	1.389
200.	1.428
201.	1.468
202.	1.508
203.	1.549
204.	1.589
205.	1.631
206.	1.672
207.	1.714
208.	1.756
209.	1.799
210.	1.842
211.	1.886
212.	1.93
213.	1.975
214.	2.02
215.	2.066
216.	2.112
217.	2.159
218.	2.206
219.	2.254
220.	2.303
221.	2.352
222.	2.401
223.	2.451
224.	2.502
225.	2.553
226.	2.605
227.	2.658
228.	2.711
229.	2.765
230.	2.819
231.	2.875
232.	2.93
233.	2.987
234.	3.044
235.	3.101
236.	3.159
237.	3.218
238.	3.278
239.	3.338
240.	3.399
241.	3.461
242.	3.523
243.	3.586
244.	3.65
245.	3.714
246.	3.78
247.	3.846
248.	3.912
249.	3.98
250.	4.048
251.	4.116
252.	4.186
253.	4.256
254.	4.327
255.	4.399
256.	4.472
257.	4.545
258.	4.619
259.	4.694
260.	4.77
261.	4.846
262.	4.923
263.	5.001
264.	5.08
265.	5.159
266.	5.24
267.	5.321
268.	5.402
269.	5.485
270.	5.568
271.	5.653
272.	5.738
273.	5.823
274.	5.91
275.	5.997
276.	6.086
277.	6.175
278.	6.265
279.	6.355
280.	6.447
281.	6.539
282.	6.632
283.	6.727
284.	6.821
285.	6.917
286.	7.014
287.	7.111
288.	7.21
289.	7.309
290.	7.409
291.	7.51
292.	7.611
293.	7.714
294.	7.817
295.	7.922
296.	8.027
297.	8.133
298.	8.24
299.	8.348
300.	8.457
301.	8.566
302.	8.677
303.	8.788
304.	8.9
305.	9.014
306.	9.128
307.	9.242
308.	9.358
309.	9.475
310.	9.593
311.	9.711
312.	9.83
313.	9.951
314.	10.07
315.	10.19
316.	10.32
317.	10.44
318.	10.57
319.	10.69
320.	10.82
321.	10.94
322.	11.07
323.	11.2
324.	11.33
325.	11.46
326.	11.59
327.	11.73
328.	11.86
329.	11.99
330.	12.13
331.	12.26
332.	12.4
333.	12.54
334.	12.68
335.	12.81
336.	12.95
337.	13.09
338.	13.23
339.	13.37
340.	13.51
341.	13.65
342.	13.79
343.	13.93
344.	14.07
345.	14.21
346.	14.35
347.	14.51
348.	14.68
349.	14.88
350.	15.08
351.	15.31
352.	15.53
353.	15.76
354.	16.
355.	16.23
356.	16.47
357.	16.72
358.	16.96
359.	17.21
360.	17.46
361.	17.72
362.	17.97
363.	18.23
364.	18.49
365.	18.75
366.	19.02
367.	19.28
368.	19.55
369.	19.82
370.	20.1
371.	20.37
372.	20.65
373.	20.92
374.	21.2
375.	21.48
376.	21.77
377.	22.05
378.	22.34
379.	22.63
380.	22.92
381.	23.21
382.	23.5
383.	23.79
384.	24.09
385.	24.39
386.	24.69
387.	24.99
388.	25.29
389.	25.59
390.	25.9
391.	26.2
392.	26.51
393.	26.82
394.	27.13
395.	27.44
396.	27.76
397.	28.07
398.	28.39
399.	28.71
400.	29.03
401.	29.35
402.	29.67
403.	29.99
404.	30.32
405.	30.64
406.	30.97
407.	31.3
408.	31.63
409.	31.96
410.	32.29
411.	32.62
412.	32.96
413.	33.3
414.	33.63
415.	33.97
416.	34.31
417.	34.66
418.	35.
419.	35.34
420.	35.69
421.	36.04
422.	36.39
423.	36.74
424.	37.09
425.	37.44
426.	37.79
427.	38.15
428.	38.51
429.	38.86
430.	39.22
431.	39.58
432.	39.95
433.	40.31
434.	40.67
435.	41.04
436.	41.41
437.	41.78
438.	42.15
439.	42.52
440.	42.89
441.	43.26
442.	43.64
443.	44.02
444.	44.39
445.	44.77
446.	45.15
447.	45.54
448.	45.92
449.	46.3
450.	46.69
451.	47.08
452.	47.47
453.	47.86
454.	48.25
455.	48.64
456.	49.04
457.	49.43
458.	49.83
459.	50.23
460.	50.63
461.	51.03
462.	51.43
463.	51.84
464.	52.24
465.	52.65
466.	53.06
467.	53.47
468.	53.88
469.	54.29
470.	54.71
471.	55.12
472.	55.54
473.	55.96
474.	56.38
475.	56.8
476.	57.22
477.	57.65
478.	58.07
479.	58.5
480.	58.93
481.	59.36
482.	59.79
483.	60.22
484.	60.66
485.	61.1
486.	61.53
487.	61.97
488.	62.41
489.	62.85
490.	63.3
491.	63.74
492.	64.19
493.	64.64
494.	65.09
495.	65.54
496.	65.99
497.	66.45
498.	66.9
499.	67.36
500.	67.82
501.	68.28
502.	68.74
503.	69.21
504.	69.67
505.	70.14
506.	70.61
507.	71.08
508.	71.55
509.	72.02
510.	72.5
511.	72.97
512.	73.45
513.	73.93
514.	74.41
515.	74.89
516.	75.38
517.	75.87
518.	76.35
519.	76.84
520.	77.33
521.	77.83
522.	78.32
523.	78.82
524.	79.31
525.	79.81
526.	80.31
527.	80.82
528.	81.32
529.	81.83
530.	82.34
531.	82.85
532.	83.36
533.	83.87
534.	84.38
535.	84.9
536.	85.42
537.	85.94
538.	86.46
539.	86.98
540.	87.51
541.	88.04
542.	88.56
543.	89.09
544.	89.63
545.	90.16
546.	90.7
547.	91.23
548.	91.77
549.	92.31
550.	92.86
551.	93.4
552.	93.95
553.	94.5
554.	95.05
555.	95.6
556.	96.15
557.	96.71
558.	97.27
559.	97.83
560.	98.39
561.	98.95
562.	99.51
563.	100.1
564.	100.7
565.	101.2
566.	101.8
567.	102.4
568.	102.9
569.	103.5
570.	104.1
571.	104.7
572.	105.3
573.	105.9
574.	106.4
575.	107.
576.	107.6
577.	108.2
578.	108.8
579.	109.4
580.	110.
581.	110.6
582.	111.2
583.	111.8
584.	112.4
585.	113.
586.	113.6
587.	114.3
588.	114.9
589.	115.5
590.	116.1
591.	116.7
592.	117.4
593.	118.
594.	118.6
595.	119.2
596.	119.9
597.	120.5
598.	121.1
599.	121.8
600.	122.4
601.	123.1
602.	123.7
603.	124.4
604.	125.
605.	125.7
606.	126.3
607.	127.
608.	127.6
609.	128.3
610.	128.9
611.	129.6
612.	130.3
613.	130.9
614.	131.6
615.	132.3
616.	133.
617.	133.6
618.	134.3
619.	135.
620.	135.7
621.	136.4
622.	137.1
623.	137.7
624.	138.4
625.	139.1
626.	139.8
627.	140.5
628.	141.2
629.	141.9
630.	142.6
631.	143.3
632.	144.1
633.	144.8
634.	145.5
635.	146.2
636.	146.9
637.	147.6
638.	148.4
639.	149.1
640.	149.8
641.	150.6
642.	151.3
643.	152.
644.	152.8
645.	153.5
646.	154.2
647.	155.
648.	155.7
649.	156.5
650.	157.2
651.	158.
652.	158.8
653.	159.5
654.	160.3
655.	161.
656.	161.8
657.	162.6
658.	163.4
659.	164.1
660.	164.9
661.	165.7
662.	166.5
663.	167.3
664.	168.
665.	168.8
666.	169.6
667.	170.4
668.	171.2
669.	172.
670.	172.8
671.	173.6
672.	174.4
673.	175.3
674.	176.1
675.	176.9
676.	177.7
677.	178.5
678.	179.3
679.	180.2
680.	181.
681.	181.8
682.	182.7
683.	183.5
684.	184.3
685.	185.2
686.	186.
687.	186.9
688.	187.7
689.	188.6
690.	189.4
691.	190.3
692.	191.2
693.	192.
694.	192.9
695.	193.8
696.	194.6
697.	195.5
698.	196.4
699.	197.3
700.	198.2
701.	199.
702.	199.9
703.	200.8
704.	201.7
705.	202.6
706.	203.5
707.	204.4
708.	205.3
709.	206.2
710.	207.2
711.	208.1
712.	209.
713.	209.9
714.	210.8
715.	211.8
716.	212.7
717.	213.6
718.	214.6
719.	215.5
720.	216.4
721.	217.4
722.	218.3
723.	219.3
724.	220.2
725.	221.2
726.	222.2
727.	223.1
728.	224.1
729.	225.1
730.	226.
731.	227.
732.	228.
733.	229.
734.	229.9
735.	230.9
736.	231.9
737.	232.9
738.	233.9
739.	234.9
740.	235.9
741.	236.9
742.	237.9
743.	239.
744.	240.
745.	241.
746.	242.
747.	243.
748.	244.1
749.	245.1
750.	246.1
751.	247.2
752.	248.2
753.	249.3
754.	250.3
755.	251.4
756.	252.4
757.	253.5
758.	254.5
759.	255.6
760.	256.7
761.	257.7
762.	258.8
763.	259.9
764.	261.
765.	262.1
766.	263.2
767.	264.3
768.	265.4
769.	266.5
770.	267.6
771.	268.7
772.	269.8
773.	270.9
774.	272.
775.	273.1
776.	274.2
777.	275.4
778.	276.5
779.	277.6
780.	278.8
781.	279.9
782.	281.1
783.	282.2
784.	283.4
785.	284.5
786.	285.7
787.	286.9
788.	288.
789.	289.2
790.	290.4
791.	291.5
792.	292.7
793.	293.9
794.	295.1
795.	296.3
796.	297.5
797.	298.7
798.	299.9
799.	301.1
800.	302.3
801.	303.5
802.	304.8
803.	306.
804.	307.2
805.	308.4
806.	309.7
807.	310.9
808.	312.2
809.	313.4
810.	314.7
811.	315.9
812.	317.2
813.	318.4
814.	319.7
815.	321.
816.	322.2
817.	323.5
818.	324.8
819.	326.1
820.	327.4
821.	328.7
822.	330.
823.	331.3
824.	332.6
825.	333.9
826.	335.2
827.	336.5
828.	337.9
829.	339.2
830.	340.5
831.	341.9
832.	343.2
833.	344.5
834.	345.9
835.	347.2
836.	348.6
837.	350.
838.	351.3
839.	352.7
840.	354.1
841.	355.4
842.	356.8
843.	358.2
844.	359.6
845.	361.
846.	362.4
847.	363.8
848.	365.2
849.	366.6
850.	368.1
851.	369.5
852.	370.9
853.	372.3
854.	373.8
855.	375.2
856.	376.7
857.	378.1
858.	379.6
859.	381.
860.	382.5
861.	383.9
862.	385.4
863.	386.9
864.	388.4
865.	389.9
866.	391.4
867.	392.9
868.	394.4
869.	395.9
870.	397.4
871.	398.9
872.	400.4
873.	401.9
874.	403.5
875.	405.
876.	406.5
877.	408.1
878.	409.6
879.	411.2
880.	412.7
881.	414.3
882.	415.9
883.	417.4
884.	419.
885.	420.6
886.	422.2
887.	423.8
888.	425.4
889.	427.
890.	428.6
891.	430.2
892.	431.8
893.	433.4
894.	435.1
895.	436.7
896.	438.3
897.	440.
898.	441.6
899.	443.3
900.	444.9
901.	446.6
902.	448.3
903.	449.9
904.	451.6
905.	453.3
906.	455.
907.	456.7
908.	458.4
909.	460.1
910.	461.8
911.	463.5
912.	465.2
913.	467.
914.	468.7
915.	470.4
916.	472.2
917.	473.9
918.	475.7
919.	477.4
920.	479.2
921.	481.
922.	482.8
923.	484.5
924.	486.3
925.	488.1
926.	489.9
927.	491.7
928.	493.5
929.	495.3
930.	497.2
931.	499.
932.	500.8
933.	502.7
934.	504.5
935.	506.4
936.	508.2
937.	510.1
938.	512.
939.	513.8
940.	515.7
941.	517.6
942.	519.5
943.	521.4
944.	523.3
945.	525.2
946.	527.1
947.	529.
948.	531.
949.	532.9
950.	534.8
951.	536.8
952.	538.7
953.	540.7
954.	542.7
955.	544.6
956.	546.6
957.	548.6
958.	550.6
959.	552.6
960.	554.6
961.	556.6
962.	558.6
963.	560.6
964.	562.6
965.	564.7
966.	566.7
967.	568.8
968.	570.8
969.	572.9
970.	574.9
971.	577.
972.	579.1
973.	581.2
974.	583.3
975.	585.4
976.	587.5
977.	589.6
978.	591.7
979.	593.8
980.	595.9
981.	598.1
982.	600.2
983.	602.4
984.	604.5
985.	606.7
986.	608.9
987.	611.
988.	613.2
989.	615.4
990.	617.6
991.	619.8
992.	622.
993.	624.3
994.	626.5
995.	628.7
996.	631.
997.	633.2
998.	635.5
999.	637.7
1000.	640.
1002.	644.6
1004.	649.1
1006.	653.8
1008.	658.4
1010.	663.1
1012.	667.8
1014.	672.5
1016.	677.3
1018.	682.1
1020.	686.9
1022.	691.8
1024.	696.7
1026.	701.6
1028.	706.5
1030.	711.5
1032.	716.5
1034.	721.6
1036.	726.6
1038.	731.7
1040.	736.9
1042.	742.1
1044.	747.3
1046.	752.5
1048.	757.8
1050.	763.1
1052.	768.4
1054.	773.8
1056.	779.2
1058.	784.6
1060.	790.1
1062.	795.6
1064.	801.1
1066.	806.7
1068.	812.3
1070.	818.
1072.	823.7
1074.	829.4
1076.	835.1
1078.	840.9
1080.	846.8
1082.	852.6
1084.	858.5
1086.	864.5
1088.	870.5
1090.	876.5
1092.	882.5
1094.	888.6
1096.	894.7
1098.	900.9
1100.	907.1
1102.	913.4
1104.	919.7
1106.	926.
1108.	932.4
1110.	938.8
1112.	945.2
1114.	951.7
1116.	958.2
1118.	964.8
1120.	971.4
1122.	978.1
1124.	984.8
1126.	991.5
1128.	998.3
1130.	1005.
1132.	1012.
1134.	1019.
1136.	1026.
1138.	1033.
1140.	1040.
1142.	1047.
1144.	1054.
1146.	1061.
1148.	1068.
1150.	1076.
1152.	1083.
1154.	1090.
1156.	1098.
1158.	1105.
1160.	1113.
1162.	1120.
1164.	1128.
1166.	1136.
1168.	1143.
1170.	1151.
1172.	1159.
1174.	1167.
1176.	1175.
1178.	1182.
1180.	1190.
1182.	1199.
1184.	1207.
1186.	1215.
1188.	1223.
1190.	1231.
1192.	1239.
1194.	1248.
1196.	1256.
1198.	1265.
1200.	1273.
1202.	1282.
1204.	1290.
1206.	1299.
1208.	1308.
1210.	1317.
1212.	1325.
1214.	1334.
1216.	1343.
1218.	1352.
1220.	1361.
1222.	1370.
1224.	1380.
1226.	1389.
1228.	1398.
1230.	1407.
1232.	1417.
1234.	1426.
1236.	1436.
1238.	1445.
1240.	1455.
1242.	1465.
1244.	1475.
1246.	1484.
1248.	1494.
1250.	1504.
1252.	1514.
1254.	1524.
1256.	1535.
1258.	1545.
1260.	1555.
1262.	1565.
1264.	1576.
1266.	1586.
1268.	1597.
1270.	1607.
1272.	1618.
1274.	1629.
1276.	1640.
1278.	1651.
1280.	1661.
1282.	1672.
1284.	1684.
1286.	1695.
1288.	1706.
1290.	1717.
1292.	1729.
1294.	1740.
1296.	1752.
1298.	1763.
1300.	1775.
1302.	1787.
1304.	1798.
1306.	1810.
1308.	1822.
1310.	1834.
1312.	1846.
1314.	1858.
1316.	1871.
1318.	1883.
1320.	1895.
1322.	1908.
1324.	1921.
1326.	1933.
1328.	1946.
1330.	1959.
1332.	1972.
1334.	1985.
1336.	1998.
1338.	2011.
1340.	2024.
1342.	2037.
1344.	2051.
1346.	2064.
1348.	2078.
1350.	2091.
1352.	2105.
1354.	2119.
1356.	2133.
1358.	2147.
1360.	2161.
1362.	2175.
1364.	2189.
1366.	2203.
1368.	2218.
1370.	2232.
1372.	2247.
1374.	2262.
1376.	2276.
1378.	2291.
1380.	2306.
1382.	2321.
1384.	2337.
1386.	2352.
1388.	2367.
1390.	2383.
1392.	2398.
1394.	2414.
1396.	2430.
1398.	2445.
1400.	2461.
1402.	2477.
1404.	2493.
1406.	2510.
1408.	2526.
1410.	2542.
1412.	2559.
1414.	2576.
1416.	2592.
1418.	2609.
1420.	2626.
1422.	2643.
1424.	2660.
1426.	2678.
1428.	2695.
1430.	2713.
1432.	2730.
1434.	2748.
1436.	2766.
1438.	2784.
1440.	2802.
1442.	2820.
1444.	2838.
1446.	2857.
1448.	2875.
1450.	2894.
1452.	2912.
1454.	2931.
1456.	2950.
1458.	2969.
1460.	2988.
1462.	3008.
1464.	3027.
1466.	3047.
1468.	3066.
1470.	3086.
1472.	3106.
1474.	3126.
1476.	3146.
1478.	3167.
1480.	3187.
1482.	3207.
1484.	3228.
1486.	3249.
1488.	3270.
1490.	3291.
1492.	3312.
1494.	3333.
1496.	3355.
1498.	3376.
1500.	3398.
1502.	3420.
1504.	3442.
1506.	3464.
1508.	3486.
1510.	3509.
1512.	3531.
1514.	3554.
1516.	3577.
1518.	3600.
1520.	3623.
1522.	3646.
1524.	3669.
1526.	3693.
1528.	3716.
1530.	3740.
1532.	3764.
1534.	3788.
1536.	3812.
1538.	3837.
1540.	3861.
1542.	3886.
1544.	3911.
1546.	3936.
1548.	3961.
1550.	3986.
1552.	4012.
1554.	4037.
1556.	4063.
1558.	4089.
1560.	4115.
1562.	4141.
1564.	4167.
1566.	4194.
1568.	4221.
1570.	4248.
1572.	4275.
1574.	4302.
1576.	4329.
1578.	4357.
1580.	4384.
1582.	4412.
1584.	4440.
1586.	4468.
1588.	4497.
1590.	4525.
1592.	4554.
1594.	4583.
1596.	4612.
1598.	4641.
1600.	4671.
1602.	4700.
1604.	4730.
1606.	4760.
1608.	4790.
1610.	4820.
1612.	4851.
1614.	4881.
1616.	4912.
1618.	4943.
1620.	4974.
1622.	5006.
1624.	5037.
1626.	5069.
1628.	5101.
1630.	5133.
1632.	5166.
1634.	5198.
1636.	5231.
1638.	5264.
1640.	5297.
1642.	5330.
1644.	5364.
1646.	5398.
1648.	5432.
1650.	5466.
1652.	5500.
1654.	5535.
1656.	5569.
1658.	5604.
1660.	5640.
1662.	5675.
1664.	5711.
1666.	5746.
1668.	5782.
1670.	5819.
1672.	5855.
1674.	5892.
1676.	5929.
1678.	5966.
1680.	6003.
1682.	6040.
1684.	6078.
1686.	6116.
1688.	6154.
1690.	6193.
1692.	6231.
1694.	6270.
1696.	6309.
1698.	6349.
1700.	6388.
1702.	6428.
1704.	6468.
1706.	6508.
1708.	6549.
1710.	6590.
1712.	6631.
1714.	6672.
1716.	6713.
1718.	6755.
1720.	6797.
1722.	6839.
1724.	6882.
1726.	6924.
1728.	6967.
1730.	7011.
1732.	7054.
1734.	7098.
1736.	7142.
1738.	7186.
1740.	7230.
1742.	7275.
1744.	7320.
1746.	7365.
1748.	7411.
1750.	7457.
1752.	7503.
1754.	7549.
1756.	7595.
1758.	7642.
1760.	7689.
1762.	7737.
1764.	7784.
1766.	7832.
1768.	7881.
1770.	7929.
1772.	7978.
1774.	8027.
1776.	8076.
1778.	8126.
1780.	8176.
1782.	8226.
1784.	8276.
1786.	8327.
1788.	8378.
1790.	8430.
1792.	8481.
1794.	8533.
1796.	8585.
1798.	8638.
1800.	8691.
1802.	8744.
1804.	8797.
1806.	8851.
1808.	8905.
1810.	8960.
1812.	9014.
1814.	9069.
1816.	9125.
1818.	9180.
1820.	9236.
1822.	9292.
1824.	9349.
1826.	9406.
1828.	9463.
1830.	9521.
1832.	9579.
1834.	9637.
1836.	9695.
1838.	9754.
1840.	9813.
1842.	9873.
1844.	9933.
1846.	9993.
1848.	10050.
1850.	10110.
1852.	10180.
1854.	10240.
1856.	10300.
1858.	10360.
1860.	10420.
1862.	10490.
1864.	10550.
1866.	10610.
1868.	10680.
1870.	10740.
1872.	10810.
1874.	10870.
1876.	10940.
1878.	11000.
1880.	11070.
1882.	11140.
1884.	11200.
1886.	11270.
1888.	11340.
1890.	11410.
1892.	11470.
1894.	11540.
1896.	11610.
1898.	11680.
1900.	11750.
1902.	11820.
1904.	11890.
1906.	11960.
1908.	12040.
1910.	12110.
1912.	12180.
1914.	12250.
1916.	12330.
1918.	12400.
1920.	12470.
1922.	12550.
1924.	12620.
1926.	12700.
1928.	12770.
1930.	12850.
1932.	12930.
1934.	13000.
1936.	13080.
1938.	13160.
1940.	13240.
1942.	13310.
1944.	13390.
1946.	13470.
1948.	13550.
1950.	13630.
1952.	13710.
1954.	13800.
1956.	13880.
1958.	13960.
1960.	14040.
1962.	14120.
1964.	14210.
1966.	14290.
1968.	14380.
1970.	14460.
1972.	14550.
1974.	14630.
1976.	14720.
1978.	14800.
1980.	14890.
1982.	14980.
1984.	15070.
1986.	15160.
1988.	15240.
1990.	15330.
1992.	15420.
1994.	15510.
1996.	15610.
1998.	15700.
2000.	15790.
2010.	16260.
2020.	16740.
2030.	17230.
2040.	17740.
2050.	18260.
2060.	18800.
2070.	19350.
2080.	19910.
2090.	20490.
2100.	21090.
2110.	21700.
2120.	22320.
2130.	22970.
2140.	23630.
2150.	24300.
2160.	25000.
2170.	25710.
2180.	26440.
2190.	27190.
2200.	27950.
2210.	28740.
2220.	29550.
2230.	30380.
2240.	31220.
2250.	32090.
2260.	32990.
2270.	33900.
2280.	34840.
2290.	35790.
2300.	36780.
2310.	37780.
2320.	38820.
2330.	39870.
2340.	40950.
2350.	42060.
2360.	43200.
2370.	44360.
2380.	45550.
2390.	46770.
2400.	48020.
2410.	49300.
2420.	50600.
2430.	51940.
2440.	53310.
2450.	54710.
2460.	56150.
2470.	57620.
2480.	59120.
2490.	60650.
2500.	62230.
2510.	63830.
2520.	65480.
2530.	67160.
2540.	68880.
2550.	70640.
2560.	72440.
2570.	74280.
2580.	76160.
2590.	78080.
2600.	80050.
2610.	82060.
2620.	84110.
2630.	86210.
2640.	88350.
2650.	90540.
2660.	92780.
2670.	95070.
2680.	97410.
2690.	99800.
2700.	102200.
2710.	104700.
2720.	107300.
2730.	109900.
2740.	112500.
2750.	115200.
2760.	118000.
2770.	120800.
2780.	123700.
2790.	126700.
2800.	129700.
2810.	132700.
2820.	135900.
2830.	139100.
2840.	142300.
2850.	145700.
2860.	149100.
2870.	152500.
2880.	156100.
2890.	159700.
2900.	163400.
2910.	167100.
2920.	171000.
2930.	174900.
2940.	178900.
2950.	182900.
2960.	187100.
2970.	191300.
2980.	195600.
2990.	200000.
3000.	204500.
3010.	209100.
3020.	213700.
3030.	218500.
3040.	223300.
3050.	228300.
3060.	233300.
3070.	238400.
3080.	243700.
3090.	249000.
3100.	254400.
3110.	259900.
3120.	265600.
3130.	271300.
3140.	277200.
3150.	283100.
3160.	289200.
3170.	295400.
3180.	301700.
3190.	308100.
3200.	314600.
3210.	321300.
3220.	328000.
3230.	334900.
3240.	342000.
3250.	349100.
3260.	356400.
3270.	363800.
3280.	371400.
3290.	379000.
3300.	386900.
3310.	394800.
3320.	402900.
3330.	411200.
3340.	419600.
3350.	428100.
3360.	436800.
3370.	445600.
3380.	454600.
3390.	463800.
3400.	473100.
3410.	482600.
3420.	492200.
3430.	502000.
3440.	512000.
3450.	522200.
3460.	532500.
3470.	543000.
3480.	553700.
3490.	564500.
3500.	575600.
3510.	586800.
3520.	598200.
3530.	609800.
3540.	621600.
3550.	633600.
3560.	645800.
3570.	658200.
3580.	670900.
3590.	683700.
3600.	696700.
3610.	710000.
3620.	723400.
3630.	737100.
3640.	751000.
3650.	765200.
3660.	779500.
3670.	794100.
3680.	809000.
3690.	824100.
3700.	839400.
3710.	854900.
3720.	870800.
3730.	886800.
3740.	903100.
3750.	919700.
3760.	936600.
3770.	953700.
3780.	971100.
3790.	988700.
3800.	1.007e6
3810.	1.025e6
3820.	1.043e6
3830.	1.062e6
3840.	1.081e6
3850.	1.101e6
3860.	1.12e6
3870.	1.14e6
3880.	1.16e6
3890.	1.181e6
3900.	1.202e6
3910.	1.223e6
3920.	1.245e6
3930.	1.267e6
3940.	1.289e6
3950.	1.311e6
3960.	1.334e6
3970.	1.357e6
3980.	1.381e6
3990.	1.405e6
4000.	1.429e6
4010.	1.454e6
4020.	1.479e6
4030.	1.504e6
4040.	1.53e6
4050.	1.556e6
4060.	1.583e6
4070.	1.609e6
4080.	1.637e6
4090.	1.664e6
4100.	1.693e6
4110.	1.721e6
4120.	1.75e6
4130.	1.779e6
4140.	1.809e6
4150.	1.839e6
4160.	1.87e6
4170.	1.901e6
4180.	1.932e6
4190.	1.964e6
4200.	1.997e6
4210.	2.03e6
4220.	2.063e6
4230.	2.097e6
4240.	2.131e6
4250.	2.166e6
4260.	2.201e6
4270.	2.237e6
4280.	2.273e6
4290.	2.31e6
4300.	2.347e6
4310.	2.385e6
4320.	2.423e6
4330.	2.462e6
4340.	2.501e6
4350.	2.541e6
4360.	2.582e6
4370.	2.623e6
4380.	2.664e6
4390.	2.706e6
4400.	2.749e6
4410.	2.792e6
4420.	2.836e6
4430.	2.881e6
4440.	2.926e6
4450.	2.971e6
4460.	3.018e6
4470.	3.065e6
4480.	3.112e6
4490.	3.16e6
4500.	3.209e6
4510.	3.258e6
4520.	3.309e6
4530.	3.359e6
4540.	3.411e6
4550.	3.463e6
4560.	3.516e6
4570.	3.569e6
4580.	3.623e6
4590.	3.678e6
4600.	3.734e6
4610.	3.79e6
4620.	3.847e6
4630.	3.905e6
4640.	3.963e6
4650.	4.023e6
4660.	4.083e6
4670.	4.144e6
4680.	4.205e6
4690.	4.268e6
4700.	4.331e6
4710.	4.395e6
4720.	4.46e6
4730.	4.525e6
4740.	4.592e6
4750.	4.659e6
4760.	4.727e6
4770.	4.796e6
4780.	4.866e6
4790.	4.937e6
4800.	5.008e6
4810.	5.081e6
4820.	5.154e6
4830.	5.228e6
4840.	5.304e6
4850.	5.38e6
4860.	5.457e6
4870.	5.535e6
4880.	5.614e6
4890.	5.694e6
4900.	5.775e6
4910.	5.857e6
4920.	5.94e6
4930.	6.024e6
4940.	6.109e6
4950.	6.194e6
4960.	6.282e6
4970.	6.37e6
4980.	6.459e6
4990.	6.549e6
5000.	6.64e6
5010.	6.733e6
5020.	6.826e6
5030.	6.921e6
5040.	7.016e6
5050.	7.113e6
5060.	7.211e6
5070.	7.31e6
5080.	7.411e6
5090.	7.512e6
5100.	7.615e6
5110.	7.719e6
5120.	7.824e6
5130.	7.93e6
5140.	8.038e6
5150.	8.147e6
5160.	8.257e6
5170.	8.368e6
5180.	8.481e6
5190.	8.595e6
5200.	8.71e6
5210.	8.827e6
5220.	8.945e6
5230.	9.064e6
5240.	9.185e6
5250.	9.307e6
5260.	9.431e6
5270.	9.555e6
5280.	9.682e6
5290.	9.809e6
5300.	9.939e6
5310.	1.007e7
5320.	1.02e7
5330.	1.033e7
5340.	1.047e7
5350.	1.061e7
5360.	1.074e7
5370.	1.088e7
5380.	1.103e7
5390.	1.117e7
5400.	1.131e7
5410.	1.146e7
5420.	1.161e7
5430.	1.176e7
5440.	1.191e7
5450.	1.206e7
5460.	1.221e7
5470.	1.237e7
5480.	1.253e7
5490.	1.269e7
5500.	1.285e7
5510.	1.301e7
5520.	1.317e7
5530.	1.334e7
5540.	1.351e7
5550.	1.368e7
5560.	1.385e7
5570.	1.402e7
5580.	1.42e7
5590.	1.438e7
5600.	1.456e7
5610.	1.474e7
5620.	1.492e7
5630.	1.511e7
5640.	1.529e7
5650.	1.548e7
5660.	1.567e7
5670.	1.587e7
5680.	1.606e7
5690.	1.626e7
5700.	1.646e7
5710.	1.666e7
5720.	1.686e7
5730.	1.707e7
5740.	1.728e7
5750.	1.749e7
5760.	1.77e7
5770.	1.791e7
5780.	1.813e7
5790.	1.835e7
5800.	1.857e7
5810.	1.879e7
5820.	1.902e7
5830.	1.925e7
5840.	1.948e7
5850.	1.971e7
5860.	1.995e7
5870.	2.018e7
5880.	2.042e7
5890.	2.067e7
5900.	2.091e7
5910.	2.116e7
5920.	2.141e7
5930.	2.166e7
5940.	2.191e7
5950.	2.217e7
5960.	2.243e7
5970.	2.27e7
5980.	2.296e7
5990.	2.323e7
6000.	2.35e7
6010.	2.377e7
6020.	2.405e7
6030.	2.433e7
6040.	2.461e7
6050.	2.489e7
6060.	2.518e7
6070.	2.547e7
6080.	2.576e7
6090.	2.606e7
6100.	2.636e7
6110.	2.666e7
6120.	2.696e7
6130.	2.727e7
6140.	2.758e7
6150.	2.79e7
6160.	2.821e7
6170.	2.853e7
6180.	2.886e7
6190.	2.918e7
6200.	2.951e7
6210.	2.984e7
6220.	3.018e7
6230.	3.052e7
6240.	3.086e7
6250.	3.121e7
6260.	3.155e7
6270.	3.191e7
6280.	3.226e7
6290.	3.262e7
6300.	3.298e7
6310.	3.335e7
6320.	3.372e7
6330.	3.409e7
6340.	3.447e7
6350.	3.485e7
6360.	3.523e7
6370.	3.562e7
6380.	3.601e7
6390.	3.64e7
6400.	3.68e7
6410.	3.72e7
6420.	3.761e7
6430.	3.802e7
6440.	3.843e7
6450.	3.885e7
6460.	3.927e7
6470.	3.969e7
6480.	4.012e7
6490.	4.055e7
6500.	4.099e7
6510.	4.143e7
6520.	4.188e7
6530.	4.232e7
6540.	4.278e7
6550.	4.323e7
6560.	4.37e7
6570.	4.416e7
6580.	4.463e7
6590.	4.51e7
6600.	4.558e7
6610.	4.607e7
6620.	4.655e7
6630.	4.704e7
6640.	4.754e7
6650.	4.804e7
6660.	4.855e7
6670.	4.905e7
6680.	4.957e7
6690.	5.009e7
6700.	5.061e7
6710.	5.114e7
6720.	5.167e7
6730.	5.221e7
6740.	5.275e7
6750.	5.33e7
6760.	5.385e7
6770.	5.441e7
6780.	5.497e7
6790.	5.554e7
6800.	5.611e7
6810.	5.668e7
6820.	5.727e7
6830.	5.785e7
6840.	5.845e7
6850.	5.904e7
6860.	5.965e7
6870.	6.025e7
6880.	6.087e7
6890.	6.148e7
6900.	6.211e7
6910.	6.274e7
6920.	6.337e7
6930.	6.401e7
6940.	6.466e7
6950.	6.531e7
6960.	6.597e7
6970.	6.663e7
6980.	6.73e7
6990.	6.797e7
7000.	6.865e7
7010.	6.934e7
7020.	7.003e7
7030.	7.073e7
7040.	7.143e7
7050.	7.214e7
7060.	7.286e7
7070.	7.358e7
7080.	7.431e7
7090.	7.504e7
7100.	7.578e7
7110.	7.653e7
7120.	7.728e7
7130.	7.804e7
7140.	7.88e7
7150.	7.957e7
7160.	8.035e7
7170.	8.114e7
7180.	8.193e7
7190.	8.273e7
7200.	8.353e7
7210.	8.434e7
7220.	8.516e7
7230.	8.599e7
7240.	8.682e7
7250.	8.766e7
7260.	8.85e7
7270.	8.936e7
7280.	9.022e7
7290.	9.108e7
7300.	9.196e7
7310.	9.284e7
7320.	9.373e7
7330.	9.462e7
7340.	9.552e7
7350.	9.643e7
7360.	9.735e7
7370.	9.828e7
7380.	9.921e7
7390.	1.002e8
7400.	1.011e8
7410.	1.021e8
7420.	1.03e8
7430.	1.04e8
7440.	1.05e8
7450.	1.06e8
7460.	1.069e8
7470.	1.08e8
7480.	1.09e8
7490.	1.1e8
7500.	1.11e8
7510.	1.12e8
7520.	1.131e8
7530.	1.141e8
7540.	1.152e8
7550.	1.163e8
7560.	1.173e8
7570.	1.184e8
7580.	1.195e8
7590.	1.206e8
7600.	1.217e8
7610.	1.229e8
7620.	1.24e8
7630.	1.251e8
7640.	1.263e8
7650.	1.274e8
7660.	1.286e8
7670.	1.298e8
7680.	1.31e8
7690.	1.322e8
7700.	1.334e8
7710.	1.346e8
7720.	1.358e8
7730.	1.37e8
7740.	1.383e8
7750.	1.395e8
7760.	1.408e8
7770.	1.42e8
7780.	1.433e8
7790.	1.446e8
7800.	1.459e8
7810.	1.472e8
7820.	1.485e8
7830.	1.499e8
7840.	1.512e8
7850.	1.526e8
7860.	1.539e8
7870.	1.553e8
7880.	1.567e8
7890.	1.581e8
7900.	1.595e8
7910.	1.609e8
7920.	1.623e8
7930.	1.637e8
7940.	1.652e8
7950.	1.666e8
7960.	1.681e8
7970.	1.696e8
7980.	1.711e8
7990.	1.726e8
8000.	1.741e8
8010.	1.756e8
8020.	1.771e8
8030.	1.787e8
8040.	1.802e8
8050.	1.818e8
8060.	1.834e8
8070.	1.85e8
8080.	1.866e8
8090.	1.882e8
8100.	1.898e8
8110.	1.915e8
8120.	1.931e8
8130.	1.948e8
8140.	1.965e8
8150.	1.981e8
8160.	1.998e8
8170.	2.016e8
8180.	2.033e8
8190.	2.05e8
8200.	2.068e8
8210.	2.085e8
8220.	2.103e8
8230.	2.121e8
8240.	2.139e8
8250.	2.157e8
8260.	2.176e8
8270.	2.194e8
8280.	2.213e8
8290.	2.231e8
8300.	2.25e8
8310.	2.269e8
8320.	2.288e8
8330.	2.308e8
8340.	2.327e8
8350.	2.346e8
8360.	2.366e8
8370.	2.386e8
8380.	2.406e8
8390.	2.426e8
8400.	2.446e8
8410.	2.467e8
8420.	2.487e8
8430.	2.508e8
8440.	2.529e8
8450.	2.55e8
8460.	2.571e8
8470.	2.592e8
8480.	2.613e8
8490.	2.635e8
8500.	2.657e8
8510.	2.679e8
8520.	2.701e8
8530.	2.723e8
8540.	2.745e8
8550.	2.768e8
8560.	2.79e8
8570.	2.813e8
8580.	2.836e8
8590.	2.859e8
8600.	2.883e8
8610.	2.906e8
8620.	2.93e8
8630.	2.953e8
8640.	2.977e8
8650.	3.002e8
8660.	3.026e8
8670.	3.05e8
8680.	3.075e8
8690.	3.1e8
8700.	3.125e8
8710.	3.15e8
8720.	3.175e8
8730.	3.201e8
8740.	3.226e8
8750.	3.252e8
8760.	3.278e8
8770.	3.304e8
8780.	3.331e8
8790.	3.357e8
8800.	3.384e8
8810.	3.411e8
8820.	3.438e8
8830.	3.465e8
8840.	3.493e8
8850.	3.521e8
8860.	3.548e8
8870.	3.576e8
8880.	3.605e8
8890.	3.633e8
8900.	3.662e8
8910.	3.691e8
8920.	3.72e8
8930.	3.749e8
8940.	3.778e8
8950.	3.808e8
8960.	3.837e8
8970.	3.867e8
8980.	3.898e8
8990.	3.928e8
9000.	3.959e8
9010.	3.989e8
9020.	4.02e8
9030.	4.052e8
9040.	4.083e8
9050.	4.115e8
9060.	4.147e8
9070.	4.179e8
9080.	4.211e8
9090.	4.243e8
9100.	4.276e8
9110.	4.309e8
9120.	4.342e8
9130.	4.375e8
9140.	4.409e8
9150.	4.443e8
9160.	4.477e8
9170.	4.511e8
9180.	4.545e8
9190.	4.58e8
9200.	4.615e8
9210.	4.65e8
9220.	4.685e8
9230.	4.721e8
9240.	4.757e8
9250.	4.793e8
9260.	4.829e8
9270.	4.866e8
9280.	4.902e8
9290.	4.939e8
9300.	4.977e8
9310.	5.014e8
9320.	5.052e8
9330.	5.09e8
9340.	5.128e8
9350.	5.166e8
9360.	5.205e8
9370.	5.244e8
9380.	5.283e8
9390.	5.323e8
9400.	5.362e8
9410.	5.402e8
9420.	5.443e8
9430.	5.483e8
9440.	5.524e8
9450.	5.565e8
9460.	5.606e8
9470.	5.647e8
9480.	5.689e8
9490.	5.731e8
9500.	5.773e8
9510.	5.816e8
9520.	5.859e8
9530.	5.902e8
9540.	5.945e8
9550.	5.989e8
9560.	6.033e8
9570.	6.077e8
9580.	6.122e8
9590.	6.166e8
9600.	6.211e8
9610.	6.257e8
9620.	6.302e8
9630.	6.348e8
9640.	6.394e8
9650.	6.441e8
9660.	6.488e8
9670.	6.535e8
9680.	6.582e8
9690.	6.629e8
9700.	6.677e8
9710.	6.726e8
9720.	6.774e8
9730.	6.823e8
9740.	6.872e8
9750.	6.921e8
9760.	6.971e8
9770.	7.021e8
9780.	7.072e8
9790.	7.122e8
9800.	7.173e8
9810.	7.224e8
9820.	7.276e8
9830.	7.328e8
9840.	7.38e8
9850.	7.433e8
9860.	7.485e8
9870.	7.539e8
9880.	7.592e8
9890.	7.646e8
9900.	7.7e8
9910.	7.755e8
9920.	7.809e8
9930.	7.864e8
9940.	7.92e8
9950.	7.976e8
9960.	8.032e8
9970.	8.088e8
9980.	8.145e8
9990.	8.202e8
10000.	8.26e8